-lightpos= 5, -1, 10, 0

-shadows

-ambientocclusion

-ssao-radius=0.03

-ssao-samples=2000

-ssao-relative-tolerance=0.07

-object_rotation_yz=0

-MV=-0.555828,-0.0508665,0.82974,0,0,0.998126,0.0611893,0,-0.831297,0.0340107,-0.554786,0,0.440424,-0.714257,-0.618203,1
#-MV=-0.555828,-0.235015,0.797385,0,0,0.959206,0.282709,0,-0.831297,0.157138,-0.533153,0,0.440424,-0.558031,-0.762193,1
#-MV=-0.555828,-0.235015,0.797385,0,0,0.959206,0.282709,0,-0.831297,0.157138,-0.533153,0,0.76148,-0.590507,-0.817631,1
#-MV=-0.555828,-0.316308,0.768768,0,0,0.924781,0.3805,0,-0.831297,0.211492,-0.514019,0,0.597307,-0.51143,-1.09695,1
#-MV=-0.707107,-0.0861744,0.701836,0,0,0.992546,0.121869,0,-0.707107,0.0861744,-0.701836,0,0.644236,-0.401853,-1.23186,1
#-MV=-0.707107,-0.086175,0.701836,0,-0.000000,0.992546,0.121869,0,-0.707107,0.086175,-0.701836,0,-0.000000,-0.410098,-1.082771,1
#-P=1.732051,0,0,0,0,3.083050,0,0,0.000000,0.000000,-1.020202,-1,0,0,-0.202020,0
#-P=1.000000e+00,0.000000e+00,0.000000e+00,0.000000e+00,0.000000e+00,1.777778e+00,0.000000e+00,0.000000e+00, 0.000000e+00,0.000000e+00,-1.004008e+00,-1.000000e+00,0.000000e+00,0.000000e+00,-4.008016e-02,0.000000e+00
-P=0.900009, 0.000000, 0.000000, 0.000000, 0.000000, 1.600000, 0.000000, 0.000000, 0.000000, 0.000000, -1.002003, -1.000000, 0.000000, 0.000000, -0.020020, 0.000000

-grid=true

#-outline=true

-datasets=1

-volume= datasetid:0 shininess:100 ambient:0.5 directional:.4 specular:1.0 shadows:true ambientocclusion:true transferfunction:lutcvt.txt

#-dof-info
