-lightpos= 5, -1, 10, 0

-shadows

-ambientocclusion

-ssao-radius=0.03

-ssao-samples=2000

-ssao-relative-tolerance=0.07

#-MVfile=campath.dat
-MV=-0.707107,-0.086175,0.701836,0,-0.000000,0.992546,0.121869,0,-0.707107,0.086175,-0.701836,0,-0.000000,-0.410098,-1.082771,1
#-MV=-0.707107,-0.194905,0.679715,0,0.000000,0.961262,0.275637,0,-0.707107,0.194905,-0.679715,0,-0.000000,-0.285726,-1.137533,1
#-MV=-0.707107,-0.194905,0.679715,0,0.000000,0.961262,0.275637,0,-0.707107,0.194905,-0.679715,0,-0.000000,-0.285726,-1.197533,1
#-MV=-0.707107,-0.194905,0.679715,0,0.000000,0.961262,0.275637,0,-0.707107,0.194905,-0.679715,0,-0.000000,-0.285726,-1.067533,1
#-MV=-0.707107,-0.218508,0.672499,0,0.000000,0.951057,0.309017,0,-0.707107,0.218508,-0.672499,0,-0.000000,-0.257020,-1.027007,1
#-MV=-0.707107,-0.218508,0.672499,0,-0.000000,0.951057,0.309017,0,-0.707107,0.218508,-0.672499,0,0.000000,-0.257020,-1.527007,1
#-MV=0.766044,-0.198632,0.611327,0,0.000000,0.951057,0.309017,0,-0.642788,-0.236721,0.728552,0,-0.704416,-0.494572,-0.395896,1
-P=1.000000e+00,0.000000e+00,0.000000e+00,0.000000e+00,0.000000e+00,1.777778e+00,0.000000e+00,0.000000e+00, 0.000000e+00,0.000000e+00,-1.004008e+00,-1.000000e+00,0.000000e+00,0.000000e+00,-4.008016e-02,0.000000e+00

-grid

-datasets=2

-isosurface0= datasetid:1 value:0.5 red:1.2 green:1.2 blue:1.2 shininess:20 opacity:1.0 ambient:0.45 directional:0.55 specular:1
#-isosurface0= datasetid:0 value:0.5 red:1.2 green:1.2 blue:1.2 shininess:20 opacity:0.6 ambient:0.45 directional:0.55 specular:1

-volume= datasetid:0 shininess:10 ambient:0.32 directional:0.68 specular:1 shadows:true ambientocclusion:true transferfunction:mylut-new.txt

#-dof-info

